353.03 F 462.53 -383.88
239.88 F -155.92 -173.53
410.69 F 272.63 448.83
141.45 C -323.38 -55.06
218.68 F 359.82 372.08
248.6 C 252.92 -116.18
445.56 F 59.21 44.03
115.2 C -122.97 -13.0
351.47 F -75.23 -417.37
296.85 F -415.22 405.74
178.02 F 462.52 -33.99
70.08 C 494.15 257.18
69.41 F 327.95 -165.59
50.62 C -246.1 260.65
274.69 C -295.45 13.24
126.01 C 410.66 414.89
302.46 F 201.21 308.45
425.09 F -78.94 250.21
407.15 F 176.05 196.66
206.15 F 209.14 -247.51
186.73 C -240.4 -93.06
495.43 F -69.29 -306.54
95.89 F -297.98 -97.47
120.61 F -246.26 156.56
123.41 F 183.88 257.37
101.3 C -189.75 -417.22
103.37 F 384.18 340.41
310.9 F 438.91 -274.13
149.38 C -37.13 207.87
241.76 C 146.77 -190.25
98.94 C 386.22 260.77
91.13 C 411.97 -359.6
175.71 C -96.46 301.74
489.92 C 209.04 440.06
64.87 F -172.98 -98.01
305.29 F 126.97 -220.42
286.02 C 61.96 -43.89
332.82 F 0.29 -6.39
94.43 F -264.04 475.78
165.3 C 471.18 -465.99
448.04 C 236.78 -232.82
403.82 F -75.22 -188.81
66.86 C -84.39 -418.25
126.95 C -476.07 -257.45
212.66 F 90.71 118.46
144.03 C -225.29 -49.11
348.08 C -278.85 -281.07
350.45 C -334.01 -285.31
399.3 C -395.59 458.32
267.71 C -198.99 -84.25
151.5 F -286.26 436.4
459.91 C 131.86 160.43
154.47 F 208.3 470.39
415.71 F -372.57 -403.53
145.42 F 209.93 -463.38
318.04 C -46.4 332.77
247.81 F 60.28 183.07
70.38 F 423.56 -269.18
61.97 F -73.13 -106.81
186.4 C -86.28 -458.05
256.67 C -192.85 -217.81
112.24 F -447.67 320.54
336.9 C -426.92 -26.63
159.13 C 413.99 126.38
234.05 F -299.59 -230.45
65.98 F 70.98 450.98
162.71 F 394.99 -171.42
128.38 F 78.89 175.82
79.85 F -268.76 -66.01
247.1 C -465.16 263.15
61.42 F 141.25 -472.1
95.84 F 60.53 -431.24
310.76 F 110.38 -29.21
95.46 C -180.23 -272.58
291.56 F -196.37 204.24
301.5 F -155.83 -455.27
190.95 F -63.3 162.73
477.92 C 306.69 389.11
269.16 C 218.25 417.49
386.72 C 5.86 -328.6
326.8 C -108.29 327.2
430.21 F 469.18 -39.81
245.11 C -373.95 359.86
199.03 C 476.1 270.69
317.93 F 4.95 99.83
312.65 F 418.95 -79.04
259.83 F -469.24 60.84
161.06 C -434.67 -489.82
377.31 C -277.13 460.21
446.27 F 401.44 157.45
284.71 C -60.7 178.53
494.44 C 326.98 96.63
494.83 F 26.45 -181.86
391.59 C 419.76 401.77
266.5 C 481.94 400.0
360.34 C 122.25 346.2
281.64 C 108.47 -277.49
360.78 F 386.07 -71.44
354.18 F -143.5 259.76
56.79 C -422.56 381.23
